./ds-heat/totalheat1.txt (0.11337868480725624,144.65535514598298) (0.11791383219954649,2058.8785220058935) (0.12244897959183673,5742.8850975862515) (0.12698412698412698,8878.497187566467) (0.13151927437641722,11320.255077612946) (0.1360544217687075,11361.392383654314) (0.1473922902494331,19719.6851815178)
./ds-heat/totalheat2.txt (0.12244897959183673,3940.916904275817) (0.12698412698412698,6254.070576849478) (0.13151927437641722,8509.46182536472) (0.1383219954648526,9924.377628587197) (0.15192743764172337,31719.23991037502) (0.16780045351473924,43007.16840806823) (0.18594104308390022,38982.3266092412)
./ds-heat/totalheat3.txt (0.12018140589569161,101.89718897892048) (0.12471655328798185,202.59950751981398) (0.1360544217687075,319.25663865307945) (0.14058956916099774,448.7694658414466) (0.14965986394557823,1228.5329932415339) (0.16780045351473924,2473.392452648839) (0.1836734693877551,3100.3224619524613)
./ds-heat/totalheat4.txt (0.11791383219954649,5.040976767860204) (0.1292517006802721,6.099885837862618) (0.13378684807256236,8.576253954027566) (0.1383219954648526,8.675261330929077) (0.14965986394557823,42.56726355785224) (0.15419501133786848,42.56726355785224) (0.1746031746031746,93.62132294226807)
./ds-heat/totalheat5.txt (0.12018140589569161,0.7906679350999897) (0.12471655328798185,0.9719581119812061) (0.1292517006802721,1.3035674975254559) (0.14058956916099774,0.8835728265399359) (0.14512471655328799,2.8666151110744758) (0.14965986394557823,4.868804204076057) (0.15419501133786848,2.576834058585478)
./ds-heat/totalheat6.txt (0.10430839002267574,0.22286564875442033) (0.1292517006802721,0.2146950507420457) (0.13378684807256236,0.3675747429040922) (0.1383219954648526,0.5645970524323988) (0.15419501133786848,0.34731080356506644) (0.17006802721088435,1.2936089381526052) (0.1836734693877551,1.401587180343239)
./ds-heat/totalheat7.txt (0.1360544217687075,0.39334163072376066) (0.1655328798185941,0.35625499310959985) (0.1746031746031746,0.49632038515236865) (0.18820861678004536,0.30614741218918523) (0.1927437641723356,0.23101626756641241) (0.19727891156462585,0.23101626756641241) (0.20861678004535147,0.39485368221285294)
./ds-heat/totalheat8.txt (0.14058956916099774,0.20110125332850906) (0.17913832199546487,0.36776107428913063) (0.1836734693877551,0.36776107428913063) (0.25170068027210885,0.4830222294992426) (0.3333333333333333,0.14975357542690226) (0.3424036281179138,0.3393371401871737) (0.3764172335600907,1.5169560405181872)
./ds-heat/totalheat9.txt (0.3424036281179138,0.18557912853359293) (0.36961451247165533,0.19730901315891466) (0.4013605442176871,1.068507491861781) (0.4421768707482993,0.8447261034505985) (0.4512471655328798,0.5058843841758808) (0.46258503401360546,1.510561049418335) (0.4671201814058957,1.510561049418335) 
./ds-heat/totalheat10.txt (0.4013605442176871,0.2085584345331524) (0.4421768707482993,0.1923223645699809) (0.49206349206349204,0.2259145934818143) (0.4988662131519274,0.7612332281982328) (0.5351473922902494,1.650330022555689) (0.546485260770975,0.3432174684608712) (0.5555555555555556,0.5804305416308928)     
./ds-heat/totalheat11.txt (0.12698412698412698,0.1369142552946276) (0.3764172335600907,0.1654580320891066) (0.4399092970521542,0.2598140349071042) (0.4943310657596372,0.2643916070369964) (0.5351473922902494,0.7265860138776993) (0.5555555555555556,0.12458953193813582) (0.5759637188208617,0.42093404485086006)   
./ds-heat/totalheat12.txt (0.3945578231292517,0.1615020544637251) (0.4376417233560091,0.2587668538922934) (0.47845804988662133,0.2054469155976704) (0.5351473922902494,0.20057024466331783) (0.5759637188208617,0.2480407236671803) (0.5963718820861678,0.21458210888041698) (0.6122448979591837,2.52363039455205)   
./ds-heat/totalheat13.txt (0.2925170068027211,0.14600262213677548) (0.5056689342403629,0.21534519962365944) (0.5351473922902494,0.23732448920193452) (0.6122448979591837,0.6815992158710057) (0.6507936507936508,5.435777818308169) (0.671201814058957,0.8077715940450085) (0.6893424036281179,26.425232515123852)   
./ds-heat/totalheat14.txt (0.4965986394557823,0.3217460404378596) (0.6530612244897959,0.9363704677138301) (0.6689342403628118,0.3022100799529959) (0.673469387755102,0.37501043586588656) (0.6893424036281179,10.112813766007374) (0.7437641723356009,0.16089885608162494) (0.7981859410430839,0.21356686190481416)   
./ds-heat/totalheat15.txt (0.4965986394557823,0.26502809316612225) (0.6122448979591837,0.2888398468296854) (0.6507936507936508,1.4120377815970875) (0.673469387755102,0.387377581839176) (0.6893424036281179,0.8112347371756818) (0.7278911564625851,0.1588255251479105) (0.7573696145124716,0.26127502321751145)   
./ds-heat/totalheat16.txt (0.47845804988662133,0.14552850590339336) (0.5351473922902494,0.22136980874008755) (0.5555555555555556,0.22215550036331286) (0.5850340136054422,0.2873450741660754) (0.6122448979591837,0.8675503524448069) (0.6235827664399093,0.1422657030116561) (0.6507936507936508,2.790379385784095)   
./ds-heat/totalheat17.txt (0.30839002267573695,0.1344606906255767) (0.6122448979591837,1.1168165199064422) (0.6507936507936508,2.88088830032649) (0.671201814058957,0.36916535248114646) (0.6893424036281179,3.3091358634029495) (0.6984126984126984,0.2691012811827488) (0.7074829931972789,0.19667699227564525)   
./ds-heat/totalheat18.txt (0.19727891156462585,0.1707875515203503) (0.24036281179138322,0.13429155047509775) (0.2562358276643991,0.2544172649211868) (0.4013605442176871,0.18702021658188978) (0.4943310657596372,0.2114008985413706) (0.5034013605442177,0.3468887144378829) (0.5238095238095238,0.17371690462583445)   
./ds-heat/totalheat19.txt (0.25170068027210885,0.10935141276800697) (0.3287981859410431,0.13543030559621627) (0.42857142857142855,0.14242215148942833) (0.4852607709750567,0.15780417673200545) (0.5102040816326531,0.27542017407791003) (0.6009070294784581,0.2526759248824073) (0.6507936507936508,1.290432937397683)    
./ds-heat/totalheat20.txt (0.24263038548752835,0.15909395480083863) (0.31519274376417233,0.14832836560166693) (0.35147392290249435,0.20110650154913956) (0.46485260770975056,0.4031482432048623) (0.4897959183673469,0.2203022026315563) (0.6507936507936508,0.627555602596605) (0.6598639455782312,0.16501153314763933)   
./ds-heat/totalheat21.txt (0.2857142857142857,0.24683086292697828) (0.31519274376417233,0.2774889536238506) (0.3197278911564626,0.2539893449328348) (0.40816326530612246,0.1525119559121818) (0.4399092970521542,0.3017971861228074) (0.4580498866213152,0.20255085863462652) (0.4852607709750567,0.2778082367158436)   
./ds-heat/totalheat22.txt (0.1292517006802721,0.18550651379004213) (0.18594104308390022,0.1949479336991378) (0.22448979591836735,0.15426242876932753) (0.3197278911564626,0.18117466605282742) (0.3242630385487528,0.18117466605282742) (0.36961451247165533,0.11249427420480812) (0.4399092970521542,0.4318054648483209)   
./ds-heat/totalheat23.txt (0.11337868480725624,0.39888648818614925) (0.1292517006802721,0.15937028848928286) (0.16326530612244897,0.21666436121335786) (0.2108843537414966,0.1747844832844823) (0.22448979591836735,0.32510849577649403) (0.2290249433106576,0.25714851096753716) (0.23356009070294784,0.18498534600014002)   
./ds-heat/totalheat24.txt (9.750566893424037e-2,0.15857866394270104) (0.11564625850340136,0.7099107359688707) (0.1292517006802721,0.25368546394388763) (0.15192743764172337,0.24277405200221452) (0.16326530612244897,0.14842088208848644) (0.17006802721088435,0.34358329024222833) (0.20861678004535147,0.14187258384905524)   
./ds-heat/totalheat25.txt (0.11564625850340136,0.4269576089317126) (0.17233560090702948,0.29479912829162064) (0.17687074829931973,0.35447822801290607) (0.21768707482993196,0.15186399042194013) (0.2789115646258503,0.3639322762333593) (0.3786848072562358,0.3945282844825822) (0.3877551020408163,0.21491735506232076)   
./ds-heat/totalheat26.txt (0.11791383219954649,0.3758759891776753) (0.14285714285714285,0.18864521535371753) (0.16780045351473924,0.30923063312674315) (0.17233560090702948,0.30923063312674315) (0.17687074829931973,0.24645332433124786) (0.19954648526077098,0.1724396822131072) (0.29931972789115646,0.23699908062523392)   
./ds-heat/totalheat27.txt (0.11791383219954649,0.26808906243979264) (0.12244897959183673,0.36127296837029477) (0.12698412698412698,0.2765387694048786) (0.16326530612244897,0.2674766959963948) (0.17233560090702948,0.23374900654994749) (0.17687074829931973,0.20810963744957092) (0.2108843537414966,0.16738383785820546)   
./ds-heat/totalheat28.txt (9.523809523809523e-2,0.21774635749913207) (0.10430839002267574,0.3575289562854024) (0.12698412698412698,0.36345077129854425) (0.1564625850340136,0.17441281371086403) (0.17687074829931973,0.3951449713155284) (0.1927437641723356,0.2015513075479993) (0.2494331065759637,0.24577363846551084)   
./ds-heat/totalheat29.txt (9.523809523809523e-2,0.1703733321612559) (0.11337868480725624,0.33876575326634367) (0.14285714285714285,0.4962281179163939) (0.16780045351473924,0.47848334483723803) (0.1927437641723356,0.5286892808336271) (0.21315192743764172,0.3445330207206293) (0.22675736961451248,0.16116856089834347)     
./ds-heat/totalheat30.txt (0.1292517006802721,0.23889434437458582) (0.15419501133786848,0.2796827555419835) (0.18820861678004536,0.1383068566725906) (0.29024943310657597,0.3643777535516426) (0.29931972789115646,0.5096258617093911) (0.3197278911564626,0.463971785129569) (0.3242630385487528,0.1643261658348157)   
./ds-heat/totalheat31.txt (9.523809523809523e-2,0.2591535230847305) (0.1836734693877551,0.4749411872939664) (0.19727891156462585,0.20281512135602334) (0.2290249433106576,0.3080353283205822) (0.24489795918367346,0.5279074364730268) (0.2494331065759637,0.6603496721816859) (0.2675736961451247,0.996851299910455)   
./ds-heat/totalheat32.txt (9.750566893424037e-2,0.4282689316813263) (0.12244897959183673,0.25924904376856917) (0.1383219954648526,0.24799891567849067) (0.14285714285714285,0.22606574326686696) (0.1836734693877551,0.2840369754990514) (0.19727891156462585,0.20066101714162746) (0.20861678004535147,0.22880283943053906)   
./ds-heat/totalheat33.txt (9.750566893424037e-2,0.39009081327595) (0.1111111111111111,0.5278073384469474) (0.12698412698412698,0.2655625850518042) (0.14512471655328799,0.26197241257693754) (0.19727891156462585,0.3324388136384413) (0.20861678004535147,1.040860848126521) (0.22448979591836735,0.37367426182723495)   
./ds-heat/totalheat34.txt (9.523809523809523e-2,0.27144564761301027) (0.11337868480725624,0.7522913157575023) (0.12244897959183673,0.1915120964533465) (0.14285714285714285,0.2609975981028151) (0.1473922902494331,0.5922294809097194) (0.1655328798185941,0.20402734085563) (0.20861678004535147,0.3654178646170317)   
./ds-heat/totalheat35.txt (9.750566893424037e-2,0.4915518521725496) (0.15192743764172337,0.16466851870516463) (0.18820861678004536,0.43259890139403995) (0.2018140589569161,0.3017218910516863) (0.22448979591836735,0.2168786027105233) (0.2585034013605442,0.6153382582239707) (0.272108843537415,0.49557322758184463)   
./ds-heat/totalheat36.txt (0.10204081632653061,0.611144388132452) (0.1111111111111111,0.3101075095841247) (0.12698412698412698,0.5537538184065054) (0.14058956916099774,0.21916127019747086) (0.14512471655328799,0.5315399305860032) (0.15419501133786848,0.3052777274619512) (0.18140589569160998,0.4921670612810436)   
./ds-heat/totalheat37.txt (0.10204081632653061,0.8031472042258496) (0.1111111111111111,0.5211692411159763) (0.12471655328798185,0.47970917062633844) (0.14058956916099774,0.2250451216281448) (0.14512471655328799,0.42166977319208654) (0.15873015873015872,0.2603888280423301) (0.1655328798185941,0.7678337830962553)   
./ds-heat/totalheat38.txt (0.10204081632653061,0.9007884323182545) (0.11337868480725624,0.3786557890973743) (0.1292517006802721,0.15193221151141797) (0.14512471655328799,0.4083265545734122) (0.14965986394557823,0.7561656441820228) (0.16780045351473924,0.1826985948224841) (0.17687074829931973,0.4711514278239165)   
./ds-heat/totalheat39.txt (9.750566893424037e-2,0.5968364480094521) (0.10204081632653061,0.4346609282384599) (0.11337868480725624,0.2834260623832583) (0.14965986394557823,0.34512588657589777) (0.15419501133786848,0.4829083711796474) (0.17233560090702948,0.20012005077910136) (0.18140589569160998,0.352768702621718)   
./ds-heat/totalheat40.txt (9.750566893424037e-2,0.15532624690380034) (0.12244897959183673,0.39731301025440846) (0.16326530612244897,0.1744950883735698) (0.17913832199546487,0.38193978544156254) (0.19047619047619047,0.4375883290546732) (0.20861678004535147,0.4884598914815578) (0.21768707482993196,0.2749479653720163)   
./ds-heat/totalheat41.txt (9.523809523809523e-2,0.18560934946377175) (0.10430839002267574,0.2558933473442415) (0.10884353741496598,0.44697976074370116) (0.12244897959183673,0.3643671483913457) (0.12698412698412698,0.47988100375743964) (0.13151927437641722,0.4016360429472878) (0.14965986394557823,0.6912640564364555)   
./ds-heat/totalheat42.txt (0.11337868480725624,0.22636179334779696) (0.12471655328798185,0.4348792143866554) (0.1360544217687075,0.5023564035642708) (0.14058956916099774,0.3174130513003358) (0.14965986394557823,1.244149872774607) (0.1655328798185941,0.2543494439957075) (0.17913832199546487,0.979622894260943)   
./ds-heat/totalheat43.txt (0.12471655328798185,0.6715773933019137) (0.14058956916099774,0.42863552416653533) (0.14512471655328799,0.5038635268362346) (0.14965986394557823,0.5038635268362346) (0.15419501133786848,0.8393697773274535) (0.15873015873015872,0.26434579419337856) (0.17233560090702948,0.3425804847388662)   
./ds-heat/totalheat44.txt (9.750566893424037e-2,0.35767314306583964) (0.10657596371882086,0.30418673050174877) (0.1111111111111111,0.2030201868889409) (0.14965986394557823,0.2686316401853955) (0.17233560090702948,0.23037653675530276) (0.18140589569160998,0.1411860632482798) (0.22448979591836735,0.2607855545250249)   
./ds-heat/totalheat45.txt (0.12018140589569161,0.24321450870218211) (0.1360544217687075,0.2373953427364088) (0.14058956916099774,0.2373953427364088) (0.1836734693877551,0.19709689959367974) (0.19501133786848074,0.20135079515875315) (0.21768707482993196,0.3937410324427769) (0.2698412698412698,0.5237414428587068)   
./ds-heat/totalheat46.txt (0.13378684807256236,0.20856756035605803) (0.1746031746031746,0.2519710410345282) (0.21541950113378686,0.23674155600677285) (0.2698412698412698,0.47406203195223184) (0.2811791383219955,0.18018162328939355) (0.29024943310657597,0.21211520286035604) (0.3310657596371882,0.15907000205073932)   
./ds-heat/totalheat47.txt (0.13378684807256236,0.14515551486194853) (0.1746031746031746,0.3355315477060803) (0.21541950113378686,0.16205989240311283) (0.2199546485260771,0.26273257773251574) (0.2585034013605442,0.17173856307455915) (0.26303854875283444,0.3140704984953431) (0.2675736961451247,0.24017017346225067)   
./ds-heat/totalheat48.txt (0.16099773242630386,0.2321540549635891) (0.2811791383219955,0.15914654101342723) (0.30158730158730157,0.17862559264158187) (0.3469387755102041,0.3021766992735492) (0.36507936507936506,0.17920506415621076) (0.4852607709750567,0.6147294910042023) (0.5034013605442177,0.30773315047788014)   
./ds-heat/totalheat49.txt (9.523809523809523e-2,0.1181557990322155) (0.29024943310657597,0.11442717205958246) (0.3469387755102041,0.12020209470315364) (0.36961451247165533,0.14853315977807274) (0.5011337868480725,0.24641789134734896) (0.5918367346938775,0.16682116178717596) (0.8435374149659864,0.49485579074057384)  
./ds-heat/totalheat50.txt (0.7845804988662132,0.11765031019121812) (1.124716553287982,0.16990302569775903) (1.1609977324263039,0.17805582626110594) (1.1700680272108843,0.17026086724892486) (1.2018140589569162,0.2503325613494038) (1.2834467120181405,0.18701663715227837) (1.3015873015873016,0.39269863278490996)   
./ds-heat/totalheat51.txt (0.21541950113378686,0.13965295334588151) (0.3786848072562358,0.16172174406968234) (0.564625850340136,0.1881462132086613) (0.6938775510204082,0.17880124066768233) (0.8253968253968254,0.17102096275775477) (0.854875283446712,0.15234774628059633) (1.034013605442177,0.25025368064937376)   
./ds-heat/totalheat52.txt (0.20408163265306123,0.20347437111472802) (0.21541950113378686,0.18787855767006512) (0.2653061224489796,0.2165044824754298) (0.2743764172335601,0.13785289239686485) (0.4421768707482993,0.24820422092770472) (0.5759637188208617,0.1436827631529833) (0.6485260770975056,0.1535205420135569)   
./ds-heat/totalheat53.txt (9.523809523809523e-2,0.16985319386665657) (0.14058956916099774,0.2085607253630699) (0.17006802721088435,0.16085206090410267) (0.2653061224489796,0.2196425089737966) (0.3333333333333333,0.2571901591283164) (0.35147392290249435,0.29551335925437244) (0.46938775510204084,0.17614397482207997)   
./ds-heat/totalheat54.txt (0.23356009070294784,0.20984275392856006) (0.3129251700680272,0.23649748180671698) (0.3310657596371882,0.17826649580789908) (0.3401360544217687,0.2923270606778269) (0.35827664399092973,0.2598611704295652) (0.41950113378684806,0.2548758786476141) (0.5034013605442177,0.24016781059885786)   
./ds-heat/totalheat55.txt (0.2471655328798186,0.1936727572047534) (0.26303854875283444,0.20560122839328693) (0.29024943310657597,0.19945871224100517) (0.31065759637188206,0.2535367272061672) (0.3922902494331066,0.18095303305641003) (0.4444444444444444,0.15582849443677266) (0.5260770975056689,0.1756979357480157)   
./ds-heat/totalheat56.txt (0.21315192743764172,0.2660396114443522) (0.2925170068027211,0.19091080163972807) (0.4126984126984127,0.1742174609300518) (0.4988662131519274,0.16819199065836132) (0.6485260770975056,0.25514572401392105) (0.671201814058957,0.27508532374982314) (0.9206349206349206,0.19995815552476695)   
./ds-heat/totalheat57.txt (0.19727891156462585,0.22784549221433872) (0.29931972789115646,0.13778302411662066) (0.30839002267573695,0.17112566123840148) (0.3492063492063492,0.21079417861718958) (0.5011337868480725,0.13865648279573828) (0.5102040816326531,0.2018216129292002) (1.0521541950113378,0.1341441458684353)   
./ds-heat/totalheat58.txt (0.15873015873015872,0.13198793295203134) (0.2766439909297052,0.16489568465759818) (0.3378684807256236,0.12301766299873083) (0.3492063492063492,0.1980365836083187) (0.3741496598639456,0.16424741078601487) (0.6190476190476191,0.2761249696053967) (0.6689342403628118,0.21024360813216944)   
./ds-heat/totalheat59.txt (0.10657596371882086,0.14691971557953137) (0.12471655328798185,0.16457200838421107) (0.4489795918367347,0.20931809464641327) (0.8231292517006803,0.15399696342948757) (1.1564625850340136,0.16806203845032586) (1.1678004535147393,0.20229513401964463) (1.217687074829932,0.1610265704335131)      
./ds-heat/totalheat60.txt (0.1111111111111111,0.12780023806330812) (0.12471655328798185,0.14589256632228656) (0.17006802721088435,0.14636171133149806) (0.42857142857142855,0.10778713778568884) (1.0680272108843538,0.17207487242773467) (1.1678004535147393,0.20329873864455916) (1.1723356009070294,0.2851781613148053)   
./ds-heat/totalheat61.txt (0.10204081632653061,0.19884487741699733) (0.19047619047619047,0.2178911556433388) (0.8866213151927438,0.2945166751178982) (0.891156462585034,0.41004023896250763) (1.0,0.15298322115279767) (1.0090702947845804,0.13954062301031117) (1.1201814058956916,0.18768313027595632)   
./ds-heat/totalheat62.txt (0.10204081632653061,0.1393092286110413) (0.7301587301587301,0.21076116919769752) (0.9229024943310657,0.11547956452091204) (1.1201814058956916,0.2065175285419692) (1.1541950113378685,0.2060306194113474) (1.1587301587301588,0.12907262419087764) (1.1700680272108843,0.1499505631851377)   
./ds-heat/totalheat63.txt (1.1564625850340136,0.15037390254616056) (1.1746031746031746,0.16921549943699862) (1.2267573696145124,0.31754524753896596) (1.2653061224489797,0.17066305760646788) (1.399092970521542,0.9422733131599333) (1.4036281179138321,0.2021081390784337) (1.4149659863945578,0.3307062776791429)   
./ds-heat/totalheat64.txt (0.6439909297052154,0.10824823234683531) (1.1859410430839001,0.13969196936995049) (1.2267573696145124,0.2966206643128304) (1.3219954648526078,0.6128974883299673) (1.380952380952381,0.16091307828695672) (1.399092970521542,0.8883903205177741) (1.4217687074829932,0.19056111329018913)   
./ds-heat/totalheat65.txt (1.2448979591836735,0.22007174250828068) (1.3015873015873016,0.15476455780792794) (1.3219954648526078,0.574684626748835) (1.3786848072562359,0.24124979675490793) (1.399092970521542,0.28347368439894977) (1.435374149659864,0.14212283763643885) (1.439909297052154,0.14212283763643885)   
./ds-heat/totalheat66.txt (1.3219954648526078,0.43707061690384613) (1.399092970521542,0.26510358777262766) (1.4036281179138321,0.19200330259641588) (1.4263038548752835,0.27048038944683356) (1.4535147392290249,0.19348887331402415) (1.4648526077097506,0.48326091901421286) (1.4965986394557824,0.24820440985025224)   
./ds-heat/totalheat67.txt (1.3174603174603174,0.11257319654843924) (1.3219954648526078,0.33594485206683733) (1.399092970521542,0.9085369376991057) (1.4535147392290249,0.6568692324533377) (1.4648526077097506,1.2942359958871732) (1.4965986394557824,0.24829072191616805) (1.510204081632653,0.766950691827483)   
./ds-heat/totalheat68.txt (1.163265306122449,0.20068548577366443) (1.2267573696145124,0.12358126465998352) (1.2607709750566893,0.29357677733714727) (1.2766439909297052,0.1779493590449093) (1.3378684807256236,0.21954416669452353) (1.399092970521542,1.8816428268728722) (1.4535147392290249,0.5945429219077679)   
./ds-heat/totalheat69.txt (1.1133786848072562,0.17939176503624887) (1.399092970521542,2.350211405181773) (1.4195011337868482,0.16609426376973477) (1.4535147392290249,1.175046658976774) (1.4648526077097506,1.7317073942533012) (1.510204081632653,0.6307243622257371) (1.5555555555555556,0.9440651384485771)      
./ds-heat/totalheat70.txt (1.399092970521542,2.2946333779520387) (1.4535147392290249,0.9198763467741853) (1.4648526077097506,2.419105569766871) (1.4988662131519275,0.24682524561491784) (1.5034013605442176,0.19077195512423561) (1.510204081632653,0.34641793042057084) (1.5555555555555556,0.8223688972451414)   
./ds-heat/totalheat71.txt (1.3219954648526078,0.2386492274586649) (1.399092970521542,1.9417143001805637) (1.4535147392290249,0.35848450088133815) (1.4648526077097506,2.214307683080743) (1.4988662131519275,0.42110767994918563) (1.510204081632653,0.7599549641593483) (1.5555555555555556,0.5696050799085018)   
./ds-heat/totalheat72.txt (1.3219954648526078,0.30591109235438196) (1.399092970521542,1.0653187712643826) (1.4535147392290249,0.25897700401942575) (1.4648526077097506,1.6710719632336464) (1.4965986394557824,0.43708083779277884) (1.510204081632653,1.2373696639144245) (1.5555555555555556,1.1551653126908632)   
./ds-heat/totalheat73.txt (1.399092970521542,0.29267984167175887) (1.4648526077097506,0.5059512794746983) (1.4965986394557824,0.4580283445996218) (1.510204081632653,0.5795143165699898) (1.5555555555555556,0.34710643286258663) (1.6938775510204083,0.7487111282268961) (1.7551020408163265,0.9658963041621467)   
./ds-heat/totalheat74.txt (1.6938775510204083,0.40495040937971555) (1.7551020408163265,0.7173605159217739) (1.8208616780045352,0.18950176253869655) (1.945578231292517,0.12518629416995253) (2.0340136054421767,0.540780586364919) (3.18140589569161,0.36618248429812145) (5.3106575963718825,0.1483580461729786)   
./ds-heat/totalheat75.txt (1.6938775510204083,0.2566753276180336) (1.7551020408163265,0.43682588168695824) (1.8208616780045352,0.34506568503531115) (2.036281179138322,0.5714997898044887) (3.18140589569161,0.3901768552031875) (8.156462585034014,0.3781232545096431) (8.770975056689343,0.11376598556648218)   
./ds-heat/totalheat76.txt (2.036281179138322,0.5961587846047885) (2.052154195011338,0.12766132614191528) (2.3741496598639458,0.25564019006117766) (14.16326530612245,0.2860902527988386) (20.96825396825397,0.11951419777938682) (20.972789115646258,0.8043021467554443) (21.002267573696145,0.10272530623283666)   
./ds-heat/totalheat77.txt (20.96825396825397,0.21366298735853842) (20.972789115646258,0.32617945703114715) (21.002267573696145,0.10667944241192429) (25.142857142857142,0.14235022753289195) (29.848072562358276,0.1390665519568135) (30.356009070294785,0.11936015805400493) (30.886621315192745,0.16136785842654564)   
./ds-heat/totalheat78.txt (21.002267573696145,0.10448496753512111) (25.142857142857142,0.13943774571734943) (29.32199546485261,0.19391884105236418) (29.848072562358276,0.14871343013383673) (30.356009070294785,0.1224469699362503) (31.14739229024943,0.11754616173104594) (31.158730158730158,0.33548578359284037)   
./ds-heat/totalheat79.txt (21.002267573696145,0.10411335942671447) (25.142857142857142,0.13519261667907484) (29.848072562358276,0.1552166990327761) (30.356009070294785,0.12138045581728539) (30.886621315192745,0.2918567406424031) (31.14739229024943,0.12038674068411462) (31.158730158730158,0.3092845681177209)     
./ds-heat/totalheat80.txt (20.96825396825397,0.24045113541340052) (21.002267573696145,0.10491741795886943) (25.142857142857142,0.12647237237018968) (29.848072562358276,0.16088566328502116) (30.356009070294785,0.11947417266198015) (30.886621315192745,0.2667940871918661) (31.14739229024943,0.11813020576727898)   
./ds-heat/totalheat81.txt (20.972789115646258,0.22063824966231738) (21.002267573696145,0.10548669942755338) (25.142857142857142,0.12182147313259165) (29.848072562358276,0.16744895053114792) (30.356009070294785,0.11519797152547136) (30.886621315192745,0.2441626855053908) (31.14739229024943,0.11867429791246549)   
./ds-heat/totalheat82.txt (20.972789115646258,0.5327035256134217) (21.002267573696145,0.10490962323953129) (25.142857142857142,0.11814097668458381) (29.32199546485261,0.1711413613014725) (29.848072562358276,0.17199003967409143) (30.356009070294785,0.10880668720291746) (30.886621315192745,0.21992213766820143)   
./ds-heat/totalheat83.txt (20.96825396825397,0.19329616854159756) (20.972789115646258,0.7520097031859213) (21.002267573696145,0.1035368051190101) (25.142857142857142,0.11130051538263276) (29.848072562358276,0.17459129984610602) (30.356009070294785,0.10278095238619075) (30.886621315192745,0.19663258079373186)   
./ds-heat/totalheat84.txt (20.972789115646258,0.6944568565816206) (21.002267573696145,0.1029362238705655) (25.142857142857142,0.10803989444678383) (29.848072562358276,0.17821957688441162) (30.886621315192745,0.12637231636598542) (31.14739229024943,0.11818715351499776) (31.158730158730158,0.18635756840506154)   
./ds-heat/totalheat85.txt (20.975056689342402,0.2543217578634144) (21.002267573696145,0.10418316821601066) (25.142857142857142,0.10609855378035248) (29.848072562358276,0.18165620072624403) (30.886621315192745,0.15865303198868289) (31.14739229024943,0.11731892923237537) (31.158730158730158,0.16754458146593432)   
./ds-heat/totalheat86.txt (20.972789115646258,0.4945295879612414) (21.002267573696145,0.10557517103810989) (25.142857142857142,0.10009493418212996) (29.848072562358276,0.1818150926134233) (30.886621315192745,0.1404034407427926) (31.14739229024943,0.11808546439225959) (32.965986394557824,0.5609190573001787)   
./ds-heat/totalheat87.txt (20.972789115646258,0.6217620972359871) (21.002267573696145,0.10528761635707144) (29.848072562358276,0.18322648146012044) (30.886621315192745,0.12277112530591004) (31.14739229024943,0.11762821141803935) (31.92517006802721,0.1612465516275777) (32.965986394557824,0.6076193914071016)   
./ds-heat/totalheat88.txt (20.96825396825397,0.15745820648425404) (20.972789115646258,0.7025388902019367) (21.002267573696145,0.10597222042623036) (29.848072562358276,0.1830082936959206) (30.886621315192745,0.10640478615986264) (31.14739229024943,0.11698973788153245) (31.92517006802721,0.47154983528132804)   
./ds-heat/totalheat89.txt (20.972789115646258,0.6053244980732608) (21.002267573696145,0.10536408515482133) (29.848072562358276,0.18305695152831952) (31.14739229024943,0.11593882107085367) (31.92517006802721,0.652305940489628) (33.50566893424036,0.889049839386124) (33.75736961451247,0.49782384204974567)     
./ds-heat/totalheat90.txt (20.972789115646258,0.420968533668682) (21.002267573696145,0.10489717471479698) (29.848072562358276,0.18168878150475265) (31.14739229024943,0.11691034204562185) (31.92517006802721,1.1191202288017854) (32.965986394557824,0.1343865573912541) (32.9750566893424,0.1524782304155527)   
./ds-heat/totalheat91.txt (20.96825396825397,0.12355738521236057) (20.972789115646258,0.2803120403182855) (21.002267573696145,0.10427743915395811) (29.848072562358276,0.18031220462218697) (31.14739229024943,0.11690600048142738) (31.92517006802721,1.3027097514387616) (32.965986394557824,0.3425548481402784)   
./ds-heat/totalheat92.txt (21.002267573696145,0.10409383815774712) (29.848072562358276,0.17848232656209512) (31.14739229024943,0.1181671310154615) (31.92517006802721,1.4534027571721966) (32.965986394557824,0.2866665807559038) (32.9750566893424,0.14698089140839554) (33.75736961451247,0.15939978988632406)   
./ds-heat/totalheat93.txt (20.972789115646258,0.4041571319729791) (21.002267573696145,0.10175691427743817) (29.848072562358276,0.17688380871823822) (31.14739229024943,0.117261427341532) (31.92517006802721,1.6709073929002776) (32.965986394557824,0.16490562297398617) (33.50566893424036,0.2837214576420381)   
./ds-heat/totalheat94.txt (20.972789115646258,0.6247643643484356) (29.848072562358276,0.17361447656397883) (31.14739229024943,0.11730278156580258) (31.92517006802721,1.4022991848045) (32.9750566893424,0.13999543079588878) (33.75736961451247,0.49557539004459583) (33.76190476190476,0.6196190094798284)   
./ds-heat/totalheat95.txt (20.972789115646258,0.7217617198761246) (29.848072562358276,0.17155425000243718) (31.14739229024943,0.1183898459645532) (31.92517006802721,1.419918585574081) (32.9750566893424,0.13544799607561797) (33.50566893424036,0.48706484230440544) (33.75736961451247,0.49716108367212763)   
./ds-heat/totalheat96.txt (29.848072562358276,0.16865650457521722) (31.92517006802721,1.078498997596313) (33.50566893424036,0.7333318805894158) (33.75736961451247,0.494203701414293) (33.766439909297056,0.12544096599089818) (33.909297052154194,1.8549815867131698) (34.018140589569164,0.39851184332024564)   
./ds-heat/totalheat97.txt (20.972789115646258,0.4038494379379562) (29.848072562358276,0.16859136433020447) (31.14739229024943,0.11874591948232616) (31.92517006802721,0.7463362443492939) (33.50566893424036,0.35726921957953944) (33.75736961451247,0.4936055294530213) (33.76190476190476,0.32031215315990885)   
./ds-heat/totalheat98.txt (20.972789115646258,0.2989378870272873) (29.848072562358276,0.16828699999480123) (31.92517006802721,0.540114004160034) (33.75736961451247,0.49400376109362404) (33.76190476190476,0.5243928056769654) (33.766439909297056,0.2492774688012292) (33.909297052154194,1.844435668114215)   
./ds-heat/totalheat99.txt (29.848072562358276,0.16776779037366113) (31.92517006802721,0.18846322517605352) (32.9750566893424,0.12811519783980127) (33.50566893424036,0.34566941256873107) (33.75736961451247,0.4950239749326915) (33.76190476190476,0.4641797425879533) (33.766439909297056,0.25002654541865693)  
./ds-heat/totalheat100.txt (20.972789115646258,0.3645169444837598) (29.848072562358276,0.16809718802943732) (31.931972789115648,0.19040849175550853) (33.50566893424036,0.301757265677919) (33.75736961451247,0.4603876098254938) (33.76190476190476,0.2145221884317634) (33.766439909297056,0.2145221884317634)   
./ds-heat/totalheat101.txt (20.972789115646258,0.19007911946760725) (33.75736961451247,0.16625573235950014) (33.909297052154194,0.9297703920742231) (34.018140589569164,0.20001522882854467) (34.27891156462585,0.13537347721478424) (34.30385487528345,0.13542923375493296) (34.52607709750567,1.7110176538085877)  
